Dart Vaider 100500 100500 100500 100500 100500 100500 100500 100500 100500 100500 100500 100500 100500 100500 100500 100500 100500 100500 100500
Светич Татьяна 4 5 5 4 3 2
Пархоменко Сергей 3 2 4 4 5 3
Иванова Татьяна 5 5 5 5 5 5
Чекан Павел 4 4 4 4 4 4
Сазонова Галина 5 5 5 5 5 5
Добраш Наталья 4 3 4 4 3 5
Моисеев Борис 3 2 4 2 3 5
Ротару София 5 5 5 5 5 5
Пугачева Алла 5 5 5 5 5 5
Доренко Сергей 4 5 4 5 4 5
Пупкин Владимир 1 1 1 1 1 0
Навальный Алексей 5 4 5 4 5 4
Тотолян Агафон 5 4 5 4 5 4
Кассина Александра 4 5 4 5 5 5
Болен Дитер 5 5 5 5 5 5
Новожилов Александр 3 2 4 5 2 1
Маслякова Ирина 2 1 4 3 3 4
Новикова Клара 4 5 5 4 5 4
Воробей Елена 5 4 4 5 5 5
Вронский Алексей 4 3 4 3 2 1
Каренина Анна 3 2 4 3 2 1
Лондон Джек 3 2 4 4 5 5
Меркьюрри Фредди 5 4 4 4 5 5
Андерсен Томас 5 5 5 5 5 5
Шевчук Юрий 5 5 4 5 4 5
Лоза Юрий 4 3 4 3 4 4
Галкин Максим 4 5 5 5 5 5
Орбакайте Кристина 3 2 4 4 4 3
Прохоров Михаил 3 2 4 4 3 1
Медведев Денис 1 1 1 1 1 1
Твердая Лариса 1 1 1 1 1 1